5.00 100.00
5.12 95.00
5.24 90.00
5.36 86.00
5.48 81.00
5.61 77.00
5.74 73.00
5.87 69.00
6.01 66.00
6.15 63.00
6.29 60.00
6.44 57.00
6.59 54.00
6.74 51.00
6.90 49.00
7.06 47.00
7.23 44.00
7.40 42.00
7.57 40.00
7.74 39.00
7.92 37.00
8.11 35.00
8.30 34.00
8.49 32.00
8.69 31.00
8.89 30.00
9.10 28.00
9.31 27.00
9.53 26.00
9.75 25.00
9.98 24.00
10.21 23.00
10.45 22.00
10.69 21.00
10.94 20.00
11.19 20.00
11.45 19.00
11.72 18.00
11.99 18.00
12.27 17.00
12.56 16.00
12.85 16.00
13.15 15.00
13.46 15.00
13.77 14.00
14.09 14.00
14.42 13.00
14.76 13.00
15.10 12.00
15.45 12.00
15.81 12.00
16.18 11.00
16.56 11.00
16.94 11.00
17.34 10.00
17.74 10.00
18.15 10.00
18.58 10.00
19.01 9.00
19.45 9.00
19.91 9.00
20.37 9.00
20.84 8.00
21.33 8.00
21.83 8.00
22.33 8.00
22.85 8.00
23.39 8.00
23.93 7.00
24.49 7.00
25.06 7.00
25.64 7.00
26.24 7.00
26.85 7.00
27.48 7.00
28.12 6.00
28.77 6.00
29.44 6.00
30.13 6.00
30.83 6.00
31.55 6.00
32.28 6.00
33.03 6.00
33.80 6.00
34.59 6.00
35.40 5.00
36.22 5.00
37.07 5.00
37.93 5.00
38.81 5.00
39.72 5.00
40.64 5.00
41.59 5.00
42.56 5.00
43.55 5.00
44.56 5.00
45.60 5.00
46.66 5.00
47.75 5.00
48.86 5.00
