#distance modulus [mag] vs log (Age [yr]) 
1.99	8.30	
3.30	8.896	
4.93	6.9	
4.95	8.652	
5.33	8.72	
5.52	8.57	
5.88	7.75	
5.97	8.131	
6.11	7.507	
6.24	7.661	
6.39	8.863	
6.41	7.78	
6.51	8.09	
6.61	7.854	
6.67	8.42	
6.67	8.54	
6.68	9.39	
6.82	8.70	
7.00	8.1	
7.18	7.796	
7.20	8.20	
7.30	8.41	
7.57	7.648	
7.58	7.506	
7.60	7.407	
7.61	8.445	
7.64	8.87	
7.71	7.79	
7.71	8.475	
7.72	8.52	
7.75	7.64	
7.78	8.01	
7.86	7.41	
7.87	7.727	
7.90	8.44	
7.98	8.24	
8.01	9.09	
8.03	7.82	
8.05	8.47	
8.08	7.731	
8.09	6.71	
8.09	9.29	
8.13	7.548	
8.15	8.42	
8.16	7.11	
8.16	7.50	
8.16	8.45	
8.20	8.35	
8.24	7.542	
8.25	7.832	
8.27	7.634	
8.27	8.14	
8.27	8.31	
8.28	7.142	
8.28	8.92	
8.32	8.49	
8.34	8.46	
8.36	7.14	
8.37	8.052	
8.38	8.61	
8.39	7.35	
8.40	9.050	
8.42	7.557	
8.42	8.96	
8.44	6.96	
8.44	8.629	
8.44	8.70	
8.45	7.054	
8.45	8.47	
8.46	7.71	
8.48	7.080	
8.50	8.23	
8.54	7.050	
8.55	8.492	
8.59	6.93	
8.59	7.11	
8.59	8.23	
8.65	7.08	
8.65	8.53	
8.65	8.53	
8.67	7.861	
8.68	7.12	
8.69	8.56	
8.70	7.51	
8.70	7.605	
8.71	7.47	
8.71	8.249	
8.71	8.57	
8.71	8.60	
8.76	7.932	
8.77	8.00	
8.78	8.66	
8.79	8.30	
8.79	9.50	
8.80	8.26	
8.81	7.03	
8.83	8.05	
8.83	8.55	
8.86	6.67	
8.86	8.497	
8.86	8.50	
8.86	8.60	
8.88	7.974	
8.90	7.90	
8.90	8.454	
8.91	7.533	
8.92	9.070	
8.93	8.554	
8.95	8.15	
8.95	8.22	
8.96	8.42	
8.97	8.508	
9.00	8.00	
9.00	8.52	
9.01	8.649	
9.02	8.699	
9.03	8.36	
9.06	8.60	
9.06	8.72	
9.08	7.92	
9.09	9.48	
9.10	7.14	
9.10	8.33	
9.10	9.03	
9.11	8.45	
9.11	8.45	
9.11	9.00	
9.13	8.45	
9.13	9.16	
9.14	8.625	
9.17	7.04	
9.17	9.05	
9.18	9.40	
9.20	8.45	
9.20	9.17	
9.21	8.41	
9.22	8.19	
9.23	8.37	
9.23	8.71	
9.23	9.11	
9.25	9.05	
9.25	9.29	
9.28	6.954	
9.28	8.37	
9.28	8.47	
9.29	8.385	
9.31	8.30	
9.32	8.60	
9.36	8.40	
9.36	8.48	
9.36	8.59	
9.36	8.63	
9.38	8.51	
9.38	8.65	
9.42	7.51	
9.43	8.81	
9.44	8.207	
9.45	7.223	
9.47	7.977	
9.50	8.98	
9.51	7.75	
9.51	8.56	
9.52	8.67	
9.52	9.02	
9.52	9.15	
9.53	6.98	
9.53	8.06	
9.53	8.557	
9.53	8.61	
9.53	8.65	
9.57	8.58	
9.58	8.42	
9.59	8.21	
9.59	8.68	
9.60	7.07	
9.60	9.05	
9.60	9.60	
9.62	8.18	
9.63	8.36	
9.64	8.33	
9.65	 8.20	
9.65	 8.77	
9.67	7.26	
9.67	8.34	
9.67	8.63	
9.69	7.85	
9.69	8.05	
9.69	8.38	
9.69	8.64	
9.70	8.45	
9.70	8.49	
9.72	8.867	
9.73	7.45	
9.73	8.37	
9.77	8.74	
9.78	7.24	
9.79	8.216	
9.80	8.63	
9.80	8.85	
9.80	9.00	
9.81	8.158	
9.82	7.26	
9.82	8.36	
9.82	8.57	
9.82	8.65	
9.82	8.85	
9.83	8.14	
9.84	8.27	
9.84	9.01	
9.85	8.41	
9.85	8.67	
9.85	8.69	
9.85	8.86	
9.85	9.30	
9.86	8.08	
9.86	8.92	
9.88	8.76	
9.89	7.889	
9.90	8.90	
9.91	8.229	
9.92	7.803	
9.92	8.09	
9.93	7.56	
9.94	8.114	
9.97	9.409	
9.98	7.727	
9.98	8.20	
9.98	8.48	
9.98	8.75	
9.99	8.01	
9.99	8.69	
10.00	8.90	
10.01	6.86	
10.01	8.093	
10.01	8.23	
10.03	8.373	
10.03	8.80	
10.04	9.01	
10.05	8.30	
10.07	8.169	
10.07	9.077	
10.08	7.71	
10.08	7.88	
10.08	7.968	
10.08	8.95	
10.09	8.477	
10.10	8.655	
10.10	8.858	
10.10	9.057	
10.12	10.12	
10.13	8.087	
10.13	8.93	
10.14	7.71	
10.15	7.19	
10.15	7.368	
10.15	8.39	
10.15	8.63	
10.17	7.961	
10.17	8.44	
10.18	8.19	
10.20	8.424	
10.20	8.448	
10.20	8.45	
10.20	9.06	
10.21	8.64	
10.22	8.058	
10.22	8.588	
10.23	7.874	
10.23	8.78	
10.24	7.68	
10.25	8.568	
10.27	7.48	
10.27	8.78	
10.28	8.83	
10.29	7.976	
10.29	9.90	
10.30	7.545	
10.30	7.820	
10.31	7.76	
10.31	8.28	
10.31	8.34	
10.31	8.83	
10.31	8.84	
10.31	9.5	
10.36	8.61	
10.36	8.64	
10.37	7.979	
10.39	8.41	
10.40	6.85	
10.40	8.79	
10.40	9.30	
10.41	8.53	
10.41	8.87	
10.42	7.54	
10.42	8.50	
10.44	7.965	
10.45	8.203	
10.45	8.30	
10.45	8.83	
10.45	9.00	
10.46	8.60	
10.46	9.15	
10.47	7.974	
10.47	8.93	
10.47	9.024	
10.48	7.104	
10.50	8.096	
10.50	8.65	
10.51	9.069	
10.53	7.91	
10.54	7.61	
10.54	7.71	
10.55	8.84	
10.55	8.85	
10.56	8.69	
10.57	8.74	
10.58	8.52	
10.61	8.122	
10.64	8.00	
10.64	8.099	
10.65	7.278	
10.66	7.927	
10.66	8.90	
10.66	9.51	
10.67	8.00	
10.67	8.60	
10.67	8.76	
10.68	7.00	
10.68	8.31	
10.68	8.65	
10.68	8.75	
10.68	8.75	
10.69	7.347	
10.70	7.02	
10.70	8.13	
10.70	8.31	
10.71	7.248	
10.71	8.70	
10.71	8.83	
10.71	8.99	
10.71	9.20	
10.72	8.50	
10.73	7.067	
10.73	8.64	
10.73	8.78	
10.76	7.88	
10.77	7.415	
10.77	7.89	
10.77	8.61	
10.77	8.71	
10.80	8.45	
10.81	7.641	
10.83	8.91	
10.84	7.845	
10.86	7.00	
10.86	8.032	
10.86	8.617	
10.86	8.95	
10.87	8.147	
10.88	8.71	
10.88	8.79	
10.89	6.962	
10.90	8.74	
10.91	8.30	
10.91	8.40	
10.91	8.463	
10.92	7.146	
10.92	8.64	
10.92	8.799	
10.93	8.570	
10.93	8.604	
10.95	8.84	
10.97	9.17	
10.99	8.113	
11.00	7.197	
11.00	7.50	
11.00	7.847	
11.00	8.75	
11.00	9.10	
11.01	6.914	
11.02	7.42	
11.02	8.17	
11.02	8.73	
11.03	8.968	
11.04	8.3	
11.04	8.60	
11.05	8.87	
11.06	7.488	
11.07	7.054	
11.10	7.214	
11.10	7.49	
11.10	8.178	
11.10	8.53	
11.11	8.463	
11.12	7.696	
11.17	8.390	
11.18	8.465	
11.18	8.61	
11.19	8.427	
11.19	8.73	
11.19	8.77	
11.20	8.45	
11.23	7.728	
11.23	8.322	
11.23	8.86	
11.24	8.36	
11.24	8.59	
11.25	8.202	
11.25	8.34	
11.26	7.236	
11.28	7.070	
11.28	8.70	
11.29	7.468	
11.29	8.48	
11.30	8.848	
11.32	7.128	
11.32	7.55	
11.33	6.67	
11.33	7.011	
11.33	7.386	
11.33	8.17	
11.33	8.576	
11.33	8.71	
11.35	7.88	
11.35	7.92	
11.36	9.346	
11.37	8.343	
11.38	7.849	
11.38	8.70	
11.39	9.0	
11.41	7.93	
11.41	8.47	
11.41	8.52	
11.43	8.471	
11.44	7.608	
11.45	7.505	
11.45	7.73	
11.45	7.892	
11.45	8.72	
11.48	6.84	
11.49	6.00	
11.49	8.00	
11.49	8.369	
11.49	8.59	
11.50	7.031	
11.50	8.193	
11.50	8.42	
11.50	8.67	
11.50	8.78	
11.51	7.564	
11.51	8.11	
11.51	8.80	
11.51	9.70	
11.52	8.469	
11.52	8.542	
11.53	8.233	
11.54	8.505	
11.56	7.00	
11.56	8.425	
11.57	8.30	
11.58	6.919	
11.59	8.56	
11.59	8.60	
11.60	8.248	
11.60	8.30	
11.60	8.60	
11.60	9.301	
11.61	8.336	
11.62	8.244	
11.63	8.083	
11.64	7.194	
11.64	7.606	
11.64	7.738	
11.64	8.540	
11.64	8.55	
11.64	8.61	
11.65	6.867	
11.65	7.03	
11.65	7.59	
11.65	8.19	
11.66	7.222	
11.66	8.41	
11.66	9.152	
11.67	6.853	
11.67	7.430	
11.67	7.734	
11.68	7.90	
11.70	7.476	
11.71	7.103	
11.71	7.542	
11.71	7.690	
11.71	8.34	
11.72	8.205	
11.72	8.626	
11.72	8.749	
11.73	6.74	
11.74	7.671	
11.75	7.160	
11.75	7.167	
11.76	8.102	
11.77	8.68	
11.79	6.775	
11.81	7.67	
11.81	8.566	
11.81	8.57	
11.81	9.632	
11.82	7.058	
11.83	6.843	
11.84	8.80	
11.86	7.96	
11.87	8.04	
11.88	8.155	
11.90	7.38	
11.90	8.48	
11.91	8.036	
11.91	8.11	
11.91	8.18	
11.92	7.051	
11.93	8.076	
11.94	8.30	
11.95	7.014	
11.95	7.05	
11.95	7.160	
11.96	7.223	
11.96	8.10	
11.97	7.89	
11.98	7.393	
11.98	8.210	
12.02	7.74	
12.02	9.60	
12.03	7.11	
12.04	7.089	
12.04	7.25	
12.06	7.00	
12.08	8.33	
12.08	8.85	
12.09	6.882	
12.11	7.930	
12.11	9.30	
12.12	7.816	
12.12	8.60	
12.15	7.799	
12.16	7.987	
12.17	9.48	
12.17	9.48	
12.19	8.95	
12.19	9.00	
12.21	7.478	
12.23	6.896	
12.23	8.256	
12.23	8.49	
12.25	6.76	
12.25	7.14	
12.25	8.465	
12.25	8.567	
12.26	6.818	
12.27	7.047	
12.29	7.283	
12.29	7.648	
12.30	7.986	
12.30	8.30	
12.33	7.685	
12.33	7.724	
12.34	7.909	
12.36	6.958	
12.36	7.058	
12.36	8.033	
12.36	8.896	
12.36	9.276	
12.37	8.20	
12.37	8.416	
12.39	8.48	
12.42	6.904	
12.42	8.138	
12.42	8.759	
12.43	6.780	
12.43	7.915	
12.43	8.030	
12.45	8.069	
12.45	8.12	
12.47	7.61	
12.48	6.857	
12.48	7.231	
12.49	7.759	
12.50	7.12	
12.50	8.20	
12.51	8.612	
12.52	7.950	
12.52	9.235	
12.53	7.162	
12.54	6.737	
12.54	9.048	
12.54	9.95	
12.57	8.001	
12.58	8.001	
12.60	6.915	
12.60	7.12	
12.60	7.460	
12.60	7.86	
12.60	7.964	
12.60	8.50	
12.60	9.174	
12.61	7.111	
12.63	7.572	
12.63	7.968	
12.64	6.99	
12.64	7.887	
12.65	7.014	
12.65	9.35	
12.67	6.784	
12.68	6.926	
12.68	7.056	
12.68	7.216	
12.68	7.920	
12.68	8.11	
12.69	8.302	
12.70	8.822	
12.71	6.891	
12.73	8.70	
12.74	8.50	
12.75	7.075	
12.75	7.593	
12.75	7.886	
12.75	7.977	
12.75	9.06	
12.76	6.890	
12.76	8.20	
12.76	9.00	
12.77	6.830	
12.77	7.08	
12.77	7.764	
12.78	7.427	
12.79	7.419	
12.79	8.876	
12.80	8.00	
12.81	6.823	
12.83	8.34	
12.84	7.493	
12.84	8.371	
12.84	8.883	
12.85	7.931	
12.85	8.50	
12.86	7.22	
12.86	9.30	
12.87	7.00	
12.88	8.315	
12.88	8.870	
12.88	8.90	
12.89	7.336	
12.89	7.78	
12.90	7.318	
12.91	6.953	
12.91	7.290	
12.92	7.73	
12.92	8.130	
12.92	8.33	
12.93	8.35	
12.94	7.17	
12.94	8.0	
12.94	8.10	
12.95	7.748	
12.95	8.60	
12.95	8.95	
12.95	9.045	
12.95	9.53	
12.97	8.80	
12.99	7.89	
13.00	6.74	
13.00	6.75	
13.00	8.78	
13.00	9.15	
13.01	7.116	
13.01	7.227	
13.03	7.839	
13.04	7.078	
13.04	7.187	
13.06	7.36	
13.07	8.142	
13.08	6.64	
13.08	7.01	
13.08	8.246	
13.08	8.40	
13.08	8.60	
13.10	7.367	
13.10	8.307	
13.12	8.203	
13.13	7.50	
13.14	9.10	
13.16	8.48	
13.16	8.557	
13.17	8.40	
13.17	9.51	
13.18	6.754	
13.18	7.893	
13.18	9.11	
13.20	8.391	
13.21	8.316	
13.22	8.007	
13.22	8.704	
13.23	7.142	
13.23	7.904	
13.23	9.033	
13.24	6.92	
13.25	7.152	
13.25	7.506	
13.25	7.800	
13.26	7.89	
13.26	9.40	
13.28	6.948	
13.29	7.127	
13.30	8.630	
13.30	9.08	
13.30	9.30	
13.32	6.65	
13.32	7.719	
13.32	8.90	
13.33	6.54	
13.33	7.590	
13.34	7.656	
13.34	8.025	
13.35	7.924	
13.36	6.840	
13.36	6.928	
13.36	8.450	
13.37	7.069	
13.37	8.640	
13.39	7.324	
13.39	9.20	
13.40	9.653	
13.41	8.30	
13.42	6.76	
13.43	9.643	
13.45	7.778	
13.46	7.548	
13.47	8.60	
13.48	6.996	
13.49	9.04	
13.50	7.50	
13.5	9.00	
13.50	9.10	
13.51	8.25	
13.52	8.40	
13.53	6.982	
13.54	9.08	
13.54	9.90	
13.56	9.30	
13.58	7.706	
13.59	7.032	
13.59	7.19	
13.60	7.077	
13.60	7.30	
13.60	9.10	
13.61	7.718	
13.61	9.00	
13.62	9.40	
13.62	9.445	
13.63	9.00	
13.64	6.884	
13.64	6.980	
13.65	8.95	
13.66	6.788	
13.66	7.20	
13.66	8.126	
13.66	9.08	
13.66	9.325	
13.67	7.853	
13.67	8.134	
13.67	9.18	
13.68	7.943	
13.68	8.18	
13.69	7.00	
13.69	8.78	
13.70	6.764	
13.70	7.093	
13.70	8.30	
13.70	8.40	
13.70	8.80	
13.71	7.037	
13.75	7.00	
13.75	8.436	
13.77	7.883	
13.77	9.90	
13.78	6.80	
13.78	6.828	
13.78	8.30	
13.79	7.29	
13.80	7.215	
13.80	8.08	
13.80	8.40	
13.80	9.231	
13.81	8.78	
13.82	7.926	
13.82	8.538	
13.82	8.826	
13.84	7.608	
13.84	9.20	
13.85	6.96	
13.85	7.480	
13.85	9.11	
13.87	7.209	
13.90	6.92	
13.90	7.042	
13.90	7.351	
13.90	7.66	
13.90	7.822	
13.90	8.08	
13.9	8.20	
13.90	9.20	
13.91	7.08	
13.91	9.15	
13.92	9.025	
13.92	9.05	
13.93	6.822	
13.94	6.775	
13.94	8.11	
13.96	7.09	
13.96	7.185	
13.98	6.996	
13.98	8.44	
13.99	7.749	
13.99	8.70	
14.00	8.80	
14.00	9.10	
14.01	6.820	
14.01	8.126	
14.01	9.00	
14.02	8.60	
14.03	6.742	
14.05	8.20	
14.08	8.515	
14.08	9.232	
14.10	7.60	
14.11	7.24	
14.12	7.063	
14.12	9.00	
14.13	7.670	
14.14	7.095	
14.15	6.67	
14.15	6.712	
14.15	6.810	
14.15	7.264	
14.15	8.90	
14.16	7.70	
14.18	7.023	
14.18	7.862	
14.18	9.61	
14.19	7.00	
14.19	7.251	
14.20	8.78	
14.20	9.60	
14.21	9.00	
14.22	8.90	
14.23	8.121	
14.24	7.148	
14.24	7.578	
14.25	7.12	
14.25	8.00	
14.25	8.00	
14.25	9.30	
14.26	8.40	
14.27	6.976	
14.27	7.03	
14.28	8.80	
14.30	6.89	
14.30	8.95	
14.30	9.11	
14.32	7.90	
14.33	9.279	
14.33	10.08	
14.35	8.22	
14.35	8.60	
14.35	8.78	
14.35	9.00	
14.36	7.163	
14.36	8.80	
14.38	7.027	
14.38	8.70	
14.38	9.50	
14.39	9.335	
14.40	6.822	
14.40	7.846	
14.4	8.65	
14.40	9.00	
14.41	6.78	
14.41	7.566	
14.43	8.50	
14.46	8.11	
14.49	7.10	
14.50	7.50	
14.50	7.50	
14.50	8.80	
14.50	9.00	
14.5	9.36	
14.53	6.60	
14.53	7.10	
14.55	7.79	
14.55	8.40	
14.56	7.54	
14.57	8.70	
14.58	7.724	
14.58	9.67	
14.59	7.863	
14.59	8.30	
14.59	8.89	
14.60	8.90	
14.62	8.40	
14.64	8.70	
14.64	9.023	
14.66	9.49	
14.67	8.40	
14.67	9.67	
14.70	6.665	
14.70	7.00	
14.70	8.70	
14.73	7.002	
14.74	9.25	
14.74	9.51	
14.75	8.70	
14.75	8.70	
14.75	9.027	
14.76	9.78	
14.80	8.48	
14.80	9.40	
14.81	9.00	
14.82	6.934	
14.82	8.70	
14.83	9.65	
14.84	9.313	
14.85	9.50	
14.88	7.10	
14.88	8.50	
14.90	7.30	
14.90	7.430	
14.95	8.369	
14.95	8.48	
14.97	7.254	
14.99	9.78	
15.00	8.50	
15.00	8.70	
15.00	8.90	
15.01	7.501	
15.05	7.61	
15.05	9.20	
15.07	7.447	
15.08	7.03	
15.10	6.79	
15.11	7.40	
15.11	8.00	
15.13	7.166	
15.15	6.777	
15.15	7.072	
15.15	7.410	
15.18	6.849	
15.18	6.864	
15.18	7.605	
15.19	7.08	
15.20	9.15	
15.20	9.48	
15.21	9.40	
15.23	7.719	
15.23	8.30	
15.24	9.63	
15.25	6.00	
15.25	8.85	
15.26	6.995	
15.29	6.941	
15.30	8.30	
15.30	9.15	
15.30	9.50	
15.31	9.20	
15.32	8.40	
15.33	6.854	
15.33	7.70	
15.35	8.78	
15.37	8.60	
15.40	8.70	
15.43	8.85	
15.44	8.90	
15.45	8.20	
15.46	8.80	
15.47	6.92	
15.47	8.90	
15.49	9.00	
15.50	7.81	
15.50	8.00	
15.50	9.60	
15.52	8.90	
15.58	8.93	
15.59	8.70	
15.59	8.80	
15.59	8.8	
15.62	9.11	
15.64	9.50	
15.65	7.928	
15.67	7.60	
15.70	8.70	
15.70	9.00	
15.71	9.78	
15.74	9.51	
15.76	8.40	
15.78	8.40	
15.79	6.893	
15.79	9.60	
15.80	9.45	
15.81	8.50	
15.83	8.618	
15.85	9.34	
15.86	9.01	
15.87	8.20	
15.92	8.45	
15.97	9.85	
15.99	8.625	
16.00   8.30	
16.00	8.64	
16.08	6.48	
16.08	8.9	
16.11	7.34	
16.17	7.446	
16.20	7.60	
16.20	7.70	
16.22	6.840	
16.24	9.699	
16.25	8.629	
16.25	9.00	
16.32	8.90	
16.37	7.283	
16.38	6.60	
16.38	8.20	
16.40	8.20	
16.40	9.00	
16.47	7.00	
16.50	7.00	
16.50	8.60	
16.51	7.236	
16.59	9.027	
16.65	9.45	
16.65	9.60	
16.80	7.55	
16.83	7.00	
16.95	6.842	
16.97	7.17	
17.00	8.93	
17.17	9.09	
17.20	9.40	
17.21	9.18	
17.24	9.29	
17.30	9.08	
17.46	9.70	
17.57	8.90	
17.67	8.18	
17.70	8.85	
17.80	9.18	
17.82	8.30	
18.00	8.90	
18.10	6.713	
18.10	9.30	
18.27	8.48	
18.39	8.0	
19.63	7.78	
19.63	7.78	
