# Array shape: (10, 10, 10)
-11.39  -11.46  -11.54  -11.63  -11.73  -11.83  -11.95  -12.06  -12.19  -12.32 
-13.77  -13.83  -13.89  0.00    0.00    0.00    0.00    0.00    0.00    0.00   
-15.36  0.00    0.00    0.00    0.00    0.00    0.00    0.00    0.00    0.00   
-16.50  0.00    0.00    0.00    0.00    0.00    0.00    0.00    0.00    0.00   
-17.64  0.00    0.00    0.00    0.00    0.00    0.00    0.00    0.00    0.00   
-18.72  0.00    0.00    0.00    0.00    0.00    0.00    0.00    0.00    0.00   
-19.68  0.00    0.00    0.00    0.00    0.00    0.00    0.00    0.00    0.00   
-20.50  0.00    0.00    0.00    0.00    0.00    0.00    0.00    0.00    0.00   
-21.26  0.00    0.00    0.00    0.00    0.00    0.00    0.00    0.00    0.00   
-22.00  0.00    0.00    0.00    0.00    0.00    0.00    0.00    0.00    0.00   
# New slice
-0.94   -1.01   -1.09   -1.18   -1.28   -1.38   -1.50   -1.61   -1.74   -1.87  
-3.32   -3.38   -3.44   0.00    0.00    0.00    0.00    0.00    0.00    0.00   
-4.91   0.00    0.00    0.00    0.00    0.00    0.00    0.00    0.00    0.00   
-6.05   0.00    0.00    0.00    0.00    0.00    0.00    0.00    0.00    0.00   
-7.19   0.00    0.00    0.00    0.00    0.00    0.00    0.00    0.00    0.00   
-8.27   0.00    0.00    0.00    0.00    0.00    0.00    0.00    0.00    0.00   
-9.23   0.00    0.00    0.00    0.00    0.00    0.00    0.00    0.00    0.00   
-10.05  0.00    0.00    0.00    0.00    0.00    0.00    0.00    0.00    0.00   
-10.81  0.00    0.00    0.00    0.00    0.00    0.00    0.00    0.00    0.00   
-11.55  0.00    0.00    0.00    0.00    0.00    0.00    0.00    0.00    0.00   
# New slice
1.01    0.94    0.86    0.78    0.68    0.57    0.46    0.34    0.21    0.08   
-1.36   -1.43   -1.49   0.00    0.00    0.00    0.00    0.00    0.00    0.00   
-2.95   0.00    0.00    0.00    0.00    0.00    0.00    0.00    0.00    0.00   
-4.09   0.00    0.00    0.00    0.00    0.00    0.00    0.00    0.00    0.00   
-5.23   0.00    0.00    0.00    0.00    0.00    0.00    0.00    0.00    0.00   
-6.32   0.00    0.00    0.00    0.00    0.00    0.00    0.00    0.00    0.00   
-7.27   0.00    0.00    0.00    0.00    0.00    0.00    0.00    0.00    0.00   
-8.09   0.00    0.00    0.00    0.00    0.00    0.00    0.00    0.00    0.00   
-8.85   0.00    0.00    0.00    0.00    0.00    0.00    0.00    0.00    0.00   
-9.60   0.00    0.00    0.00    0.00    0.00    0.00    0.00    0.00    0.00   
# New slice
2.57    2.50    2.42    2.33    2.23    2.13    2.02    1.90    1.77    1.64   
0.19    0.13    0.07    0.00    0.00    0.00    0.00    0.00    0.00    0.00   
-1.40   0.00    0.00    0.00    0.00    0.00    0.00    0.00    0.00    0.00   
-2.54   0.00    0.00    0.00    0.00    0.00    0.00    0.00    0.00    0.00   
-3.68   0.00    0.00    0.00    0.00    0.00    0.00    0.00    0.00    0.00   
-4.76   0.00    0.00    0.00    0.00    0.00    0.00    0.00    0.00    0.00   
-5.72   0.00    0.00    0.00    0.00    0.00    0.00    0.00    0.00    0.00   
-6.54   0.00    0.00    0.00    0.00    0.00    0.00    0.00    0.00    0.00   
-7.30   0.00    0.00    0.00    0.00    0.00    0.00    0.00    0.00    0.00   
-8.04   0.00    0.00    0.00    0.00    0.00    0.00    0.00    0.00    0.00   
# New slice
3.87    3.80    3.72    3.63    3.53    3.43    3.32    3.20    3.07    2.94   
1.49    1.43    1.37    0.00    0.00    0.00    0.00    0.00    0.00    0.00   
-0.10   0.00    0.00    0.00    0.00    0.00    0.00    0.00    0.00    0.00   
-1.24   0.00    0.00    0.00    0.00    0.00    0.00    0.00    0.00    0.00   
-2.38   0.00    0.00    0.00    0.00    0.00    0.00    0.00    0.00    0.00   
-3.46   0.00    0.00    0.00    0.00    0.00    0.00    0.00    0.00    0.00   
-4.42   0.00    0.00    0.00    0.00    0.00    0.00    0.00    0.00    0.00   
-5.24   0.00    0.00    0.00    0.00    0.00    0.00    0.00    0.00    0.00   
-6.00   0.00    0.00    0.00    0.00    0.00    0.00    0.00    0.00    0.00   
-6.74   0.00    0.00    0.00    0.00    0.00    0.00    0.00    0.00    0.00   
# New slice
4.86    4.79    4.72    4.63    4.53    4.42    4.31    4.19    4.07    3.93   
2.49    2.43    2.37    0.00    0.00    0.00    0.00    0.00    0.00    0.00   
0.90    0.00    0.00    0.00    0.00    0.00    0.00    0.00    0.00    0.00   
-0.24   0.00    0.00    0.00    0.00    0.00    0.00    0.00    0.00    0.00   
-1.38   0.00    0.00    0.00    0.00    0.00    0.00    0.00    0.00    0.00   
-2.47   0.00    0.00    0.00    0.00    0.00    0.00    0.00    0.00    0.00   
-3.42   0.00    0.00    0.00    0.00    0.00    0.00    0.00    0.00    0.00   
-4.24   0.00    0.00    0.00    0.00    0.00    0.00    0.00    0.00    0.00   
-5.00   0.00    0.00    0.00    0.00    0.00    0.00    0.00    0.00    0.00   
-5.74   0.00    0.00    0.00    0.00    0.00    0.00    0.00    0.00    0.00   
# New slice
5.77    5.70    5.62    5.53    5.44    5.33    5.22    5.10    4.97    4.84   
3.40    3.33    3.27    0.00    0.00    0.00    0.00    0.00    0.00    0.00   
1.81    0.00    0.00    0.00    0.00    0.00    0.00    0.00    0.00    0.00   
0.67    0.00    0.00    0.00    0.00    0.00    0.00    0.00    0.00    0.00   
-0.47   0.00    0.00    0.00    0.00    0.00    0.00    0.00    0.00    0.00   
-1.56   0.00    0.00    0.00    0.00    0.00    0.00    0.00    0.00    0.00   
-2.52   0.00    0.00    0.00    0.00    0.00    0.00    0.00    0.00    0.00   
-3.34   0.00    0.00    0.00    0.00    0.00    0.00    0.00    0.00    0.00   
-4.09   0.00    0.00    0.00    0.00    0.00    0.00    0.00    0.00    0.00   
-4.84   0.00    0.00    0.00    0.00    0.00    0.00    0.00    0.00    0.00   
# New slice
6.62    6.55    6.47    6.38    6.28    6.18    6.06    5.95    5.82    5.69   
4.24    4.18    4.12    0.00    0.00    0.00    0.00    0.00    0.00    0.00   
2.65    0.00    0.00    0.00    0.00    0.00    0.00    0.00    0.00    0.00   
1.51    0.00    0.00    0.00    0.00    0.00    0.00    0.00    0.00    0.00   
0.37    0.00    0.00    0.00    0.00    0.00    0.00    0.00    0.00    0.00   
-0.71   0.00    0.00    0.00    0.00    0.00    0.00    0.00    0.00    0.00   
-1.67   0.00    0.00    0.00    0.00    0.00    0.00    0.00    0.00    0.00   
-2.49   0.00    0.00    0.00    0.00    0.00    0.00    0.00    0.00    0.00   
-3.25   0.00    0.00    0.00    0.00    0.00    0.00    0.00    0.00    0.00   
-3.99   0.00    0.00    0.00    0.00    0.00    0.00    0.00    0.00    0.00   
# New slice
7.42    7.35    7.27    7.18    7.08    6.98    6.87    6.75    6.62    6.49   
5.04    4.98    4.92    0.00    0.00    0.00    0.00    0.00    0.00    0.00   
3.45    0.00    0.00    0.00    0.00    0.00    0.00    0.00    0.00    0.00   
2.32    0.00    0.00    0.00    0.00    0.00    0.00    0.00    0.00    0.00   
1.17    0.00    0.00    0.00    0.00    0.00    0.00    0.00    0.00    0.00   
0.09    0.00    0.00    0.00    0.00    0.00    0.00    0.00    0.00    0.00   
-0.87   0.00    0.00    0.00    0.00    0.00    0.00    0.00    0.00    0.00   
-1.69   0.00    0.00    0.00    0.00    0.00    0.00    0.00    0.00    0.00   
-2.44   0.00    0.00    0.00    0.00    0.00    0.00    0.00    0.00    0.00   
-3.19   0.00    0.00    0.00    0.00    0.00    0.00    0.00    0.00    0.00   
# New slice
8.19    8.12    8.04    7.95    7.85    7.75    7.63    7.51    7.39    7.25   
5.81    5.75    5.69    0.00    0.00    0.00    0.00    0.00    0.00    0.00   
4.22    0.00    0.00    0.00    0.00    0.00    0.00    0.00    0.00    0.00   
3.08    0.00    0.00    0.00    0.00    0.00    0.00    0.00    0.00    0.00   
1.94    0.00    0.00    0.00    0.00    0.00    0.00    0.00    0.00    0.00   
0.85    0.00    0.00    0.00    0.00    0.00    0.00    0.00    0.00    0.00   
-0.10   0.00    0.00    0.00    0.00    0.00    0.00    0.00    0.00    0.00   
-0.92   0.00    0.00    0.00    0.00    0.00    0.00    0.00    0.00    0.00   
-1.68   0.00    0.00    0.00    0.00    0.00    0.00    0.00    0.00    0.00   
-2.42   0.00    0.00    0.00    0.00    0.00    0.00    0.00    0.00    0.00   
# New slice
